%YAML:1.0

model_type: PINHOLE
camera_name: camera

image_width: 1920
image_height: 1080

projection_parameters:
   k1: 0.0
   k2: 0.0
   p1: 0.0
   p2: 0.0
   fx: 616.4089112969574
   fy: 616.4089112969574
   cx: 960.5
   cy: 540.5
