[interinsic]
fx = 616.4089112969574
fy = 616.4089112969574
cx = 960.5
cy = 540.5
[distortion]
k1 = 0.0
k2 = 0.0
k3 = 0.0
p1 = 0.0
p2 = 0.0
[image]
width = 1920
height = 1080
fieldx = 92
fieldy = 59
focal = 1.0